{"cells":[{"cell_type":"markdown","metadata":{"id":"2mX7CLOegsSb"},"source":["# Data Cleaning & Data Manipulation"]},{"cell_type":"code","execution_count":1,"metadata":{"id":"TczvYtq-ff5w"},"outputs":[],"source":["import pandas as pd\n","import numpy as np\n"]},{"cell_type":"code","execution_count":2,"metadata":{"id":"RK9k4kF6ff8Q"},"outputs":[],"source":["data1 = np.random.randn(10,3)\n","data2 = np.random.randn(7,3)"]},{"cell_type":"code","execution_count":3,"metadata":{"id":"8Dr-Wpmbff-3"},"outputs":[],"source":["df1 = pd.DataFrame(data1, columns=[\"Col1\", \"Col2\", \"Col3\"])\n","df2 = pd.DataFrame(data2, columns=[\"Col1\", \"Col2\", \"Col3\"])"]},{"cell_type":"code","execution_count":4,"metadata":{"colab":{"base_uri":"https://localhost:8080/","height":361},"executionInfo":{"elapsed":393,"status":"ok","timestamp":1628254358128,"user":{"displayName":"Sahil Rahman","photoUrl":"https://lh3.googleusercontent.com/a-/AOh14GiJ8lzvw0EAvZyy3OveF6J53a3ecWuQmgHRsF6n6D4=s64","userId":"17212050139887820689"},"user_tz":-330},"id":"1Md8rUoBfgC0","outputId":"4ffdcbc9-5d96-450b-e280-13dcfeffe137"},"outputs":[{"data":{"text/html":["<div>\n","<style scoped>\n","    .dataframe tbody tr th:only-of-type {\n","        vertical-align: middle;\n","    }\n","\n","    .dataframe tbody tr th {\n","        vertical-align: top;\n","    }\n","\n","    .dataframe thead th {\n","        text-align: right;\n","    }\n","</style>\n","<table border=\"1\" class=\"dataframe\">\n","  <thead>\n","    <tr style=\"text-align: right;\">\n","      <th></th>\n","      <th>Col1</th>\n","      <th>Col2</th>\n","      <th>Col3</th>\n","    </tr>\n","  </thead>\n","  <tbody>\n","    <tr>\n","      <th>0</th>\n","      <td>-0.282455</td>\n","      <td>0.933882</td>\n","      <td>-0.940976</td>\n","    </tr>\n","    <tr>\n","      <th>1</th>\n","      <td>-1.335738</td>\n","      <td>0.144776</td>\n","      <td>0.573165</td>\n","    </tr>\n","    <tr>\n","      <th>2</th>\n","      <td>0.644326</td>\n","      <td>0.078392</td>\n","      <td>-0.581925</td>\n","    </tr>\n","    <tr>\n","      <th>3</th>\n","      <td>-0.813927</td>\n","      <td>1.531292</td>\n","      <td>-0.576625</td>\n","    </tr>\n","    <tr>\n","      <th>4</th>\n","      <td>1.206105</td>\n","      <td>-0.190608</td>\n","      <td>-1.040967</td>\n","    </tr>\n","    <tr>\n","      <th>5</th>\n","      <td>0.841636</td>\n","      <td>-0.654613</td>\n","      <td>0.623576</td>\n","    </tr>\n","    <tr>\n","      <th>6</th>\n","      <td>-0.134767</td>\n","      <td>-0.406992</td>\n","      <td>-0.307459</td>\n","    </tr>\n","    <tr>\n","      <th>7</th>\n","      <td>-0.047945</td>\n","      <td>1.199079</td>\n","      <td>-0.920376</td>\n","    </tr>\n","    <tr>\n","      <th>8</th>\n","      <td>-2.203601</td>\n","      <td>0.725854</td>\n","      <td>0.425721</td>\n","    </tr>\n","    <tr>\n","      <th>9</th>\n","      <td>0.656195</td>\n","      <td>1.350195</td>\n","      <td>-1.096695</td>\n","    </tr>\n","  </tbody>\n","</table>\n","</div>"],"text/plain":["       Col1      Col2      Col3\n","0 -0.282455  0.933882 -0.940976\n","1 -1.335738  0.144776  0.573165\n","2  0.644326  0.078392 -0.581925\n","3 -0.813927  1.531292 -0.576625\n","4  1.206105 -0.190608 -1.040967\n","5  0.841636 -0.654613  0.623576\n","6 -0.134767 -0.406992 -0.307459\n","7 -0.047945  1.199079 -0.920376\n","8 -2.203601  0.725854  0.425721\n","9  0.656195  1.350195 -1.096695"]},"execution_count":4,"metadata":{},"output_type":"execute_result"}],"source":["df1"]},{"cell_type":"code","execution_count":5,"metadata":{"colab":{"base_uri":"https://localhost:8080/","height":267},"executionInfo":{"elapsed":400,"status":"ok","timestamp":1628254364168,"user":{"displayName":"Sahil Rahman","photoUrl":"https://lh3.googleusercontent.com/a-/AOh14GiJ8lzvw0EAvZyy3OveF6J53a3ecWuQmgHRsF6n6D4=s64","userId":"17212050139887820689"},"user_tz":-330},"id":"cyMmzsV4fgD8","outputId":"2d159f62-b0e2-4117-8ca4-c484b8ba0d5e"},"outputs":[{"data":{"text/html":["<div>\n","<style scoped>\n","    .dataframe tbody tr th:only-of-type {\n","        vertical-align: middle;\n","    }\n","\n","    .dataframe tbody tr th {\n","        vertical-align: top;\n","    }\n","\n","    .dataframe thead th {\n","        text-align: right;\n","    }\n","</style>\n","<table border=\"1\" class=\"dataframe\">\n","  <thead>\n","    <tr style=\"text-align: right;\">\n","      <th></th>\n","      <th>Col1</th>\n","      <th>Col2</th>\n","      <th>Col3</th>\n","    </tr>\n","  </thead>\n","  <tbody>\n","    <tr>\n","      <th>0</th>\n","      <td>-0.220045</td>\n","      <td>-0.101796</td>\n","      <td>-0.015215</td>\n","    </tr>\n","    <tr>\n","      <th>1</th>\n","      <td>0.410903</td>\n","      <td>0.943433</td>\n","      <td>-0.451294</td>\n","    </tr>\n","    <tr>\n","      <th>2</th>\n","      <td>0.793187</td>\n","      <td>0.420557</td>\n","      <td>0.311142</td>\n","    </tr>\n","    <tr>\n","      <th>3</th>\n","      <td>-0.658115</td>\n","      <td>-0.952783</td>\n","      <td>-1.100947</td>\n","    </tr>\n","    <tr>\n","      <th>4</th>\n","      <td>1.386487</td>\n","      <td>-0.589618</td>\n","      <td>1.374284</td>\n","    </tr>\n","    <tr>\n","      <th>5</th>\n","      <td>-1.192486</td>\n","      <td>0.141447</td>\n","      <td>0.818705</td>\n","    </tr>\n","    <tr>\n","      <th>6</th>\n","      <td>0.767653</td>\n","      <td>2.143932</td>\n","      <td>-0.574193</td>\n","    </tr>\n","  </tbody>\n","</table>\n","</div>"],"text/plain":["       Col1      Col2      Col3\n","0 -0.220045 -0.101796 -0.015215\n","1  0.410903  0.943433 -0.451294\n","2  0.793187  0.420557  0.311142\n","3 -0.658115 -0.952783 -1.100947\n","4  1.386487 -0.589618  1.374284\n","5 -1.192486  0.141447  0.818705\n","6  0.767653  2.143932 -0.574193"]},"execution_count":5,"metadata":{},"output_type":"execute_result"}],"source":["df2"]},{"cell_type":"code","execution_count":null,"metadata":{"id":"SNe5TPKMfgGi"},"outputs":[],"source":["df3 = df1 + df2\n","df3 = df[1] + df[2]"]},{"cell_type":"code","execution_count":6,"metadata":{"id":"4-5uBsLhfgJX"},"outputs":[],"source":["df3 = pd.concat([df1,df2], ignore_index=True)"]},{"cell_type":"code","execution_count":7,"metadata":{"colab":{"base_uri":"https://localhost:8080/","height":578},"executionInfo":{"elapsed":412,"status":"ok","timestamp":1628254616582,"user":{"displayName":"Sahil Rahman","photoUrl":"https://lh3.googleusercontent.com/a-/AOh14GiJ8lzvw0EAvZyy3OveF6J53a3ecWuQmgHRsF6n6D4=s64","userId":"17212050139887820689"},"user_tz":-330},"id":"tvmvhX6PfgMe","outputId":"2c1f4977-2009-445d-c19b-1128085ff563"},"outputs":[{"data":{"text/html":["<div>\n","<style scoped>\n","    .dataframe tbody tr th:only-of-type {\n","        vertical-align: middle;\n","    }\n","\n","    .dataframe tbody tr th {\n","        vertical-align: top;\n","    }\n","\n","    .dataframe thead th {\n","        text-align: right;\n","    }\n","</style>\n","<table border=\"1\" class=\"dataframe\">\n","  <thead>\n","    <tr style=\"text-align: right;\">\n","      <th></th>\n","      <th>Col1</th>\n","      <th>Col2</th>\n","      <th>Col3</th>\n","    </tr>\n","  </thead>\n","  <tbody>\n","    <tr>\n","      <th>0</th>\n","      <td>-0.282455</td>\n","      <td>0.933882</td>\n","      <td>-0.940976</td>\n","    </tr>\n","    <tr>\n","      <th>1</th>\n","      <td>-1.335738</td>\n","      <td>0.144776</td>\n","      <td>0.573165</td>\n","    </tr>\n","    <tr>\n","      <th>2</th>\n","      <td>0.644326</td>\n","      <td>0.078392</td>\n","      <td>-0.581925</td>\n","    </tr>\n","    <tr>\n","      <th>3</th>\n","      <td>-0.813927</td>\n","      <td>1.531292</td>\n","      <td>-0.576625</td>\n","    </tr>\n","    <tr>\n","      <th>4</th>\n","      <td>1.206105</td>\n","      <td>-0.190608</td>\n","      <td>-1.040967</td>\n","    </tr>\n","    <tr>\n","      <th>5</th>\n","      <td>0.841636</td>\n","      <td>-0.654613</td>\n","      <td>0.623576</td>\n","    </tr>\n","    <tr>\n","      <th>6</th>\n","      <td>-0.134767</td>\n","      <td>-0.406992</td>\n","      <td>-0.307459</td>\n","    </tr>\n","    <tr>\n","      <th>7</th>\n","      <td>-0.047945</td>\n","      <td>1.199079</td>\n","      <td>-0.920376</td>\n","    </tr>\n","    <tr>\n","      <th>8</th>\n","      <td>-2.203601</td>\n","      <td>0.725854</td>\n","      <td>0.425721</td>\n","    </tr>\n","    <tr>\n","      <th>9</th>\n","      <td>0.656195</td>\n","      <td>1.350195</td>\n","      <td>-1.096695</td>\n","    </tr>\n","    <tr>\n","      <th>10</th>\n","      <td>-0.220045</td>\n","      <td>-0.101796</td>\n","      <td>-0.015215</td>\n","    </tr>\n","    <tr>\n","      <th>11</th>\n","      <td>0.410903</td>\n","      <td>0.943433</td>\n","      <td>-0.451294</td>\n","    </tr>\n","    <tr>\n","      <th>12</th>\n","      <td>0.793187</td>\n","      <td>0.420557</td>\n","      <td>0.311142</td>\n","    </tr>\n","    <tr>\n","      <th>13</th>\n","      <td>-0.658115</td>\n","      <td>-0.952783</td>\n","      <td>-1.100947</td>\n","    </tr>\n","    <tr>\n","      <th>14</th>\n","      <td>1.386487</td>\n","      <td>-0.589618</td>\n","      <td>1.374284</td>\n","    </tr>\n","    <tr>\n","      <th>15</th>\n","      <td>-1.192486</td>\n","      <td>0.141447</td>\n","      <td>0.818705</td>\n","    </tr>\n","    <tr>\n","      <th>16</th>\n","      <td>0.767653</td>\n","      <td>2.143932</td>\n","      <td>-0.574193</td>\n","    </tr>\n","  </tbody>\n","</table>\n","</div>"],"text/plain":["        Col1      Col2      Col3\n","0  -0.282455  0.933882 -0.940976\n","1  -1.335738  0.144776  0.573165\n","2   0.644326  0.078392 -0.581925\n","3  -0.813927  1.531292 -0.576625\n","4   1.206105 -0.190608 -1.040967\n","5   0.841636 -0.654613  0.623576\n","6  -0.134767 -0.406992 -0.307459\n","7  -0.047945  1.199079 -0.920376\n","8  -2.203601  0.725854  0.425721\n","9   0.656195  1.350195 -1.096695\n","10 -0.220045 -0.101796 -0.015215\n","11  0.410903  0.943433 -0.451294\n","12  0.793187  0.420557  0.311142\n","13 -0.658115 -0.952783 -1.100947\n","14  1.386487 -0.589618  1.374284\n","15 -1.192486  0.141447  0.818705\n","16  0.767653  2.143932 -0.574193"]},"execution_count":7,"metadata":{},"output_type":"execute_result"}],"source":["df3"]},{"cell_type":"code","execution_count":8,"metadata":{"colab":{"base_uri":"https://localhost:8080/"},"executionInfo":{"elapsed":393,"status":"ok","timestamp":1628254776083,"user":{"displayName":"Sahil Rahman","photoUrl":"https://lh3.googleusercontent.com/a-/AOh14GiJ8lzvw0EAvZyy3OveF6J53a3ecWuQmgHRsF6n6D4=s64","userId":"17212050139887820689"},"user_tz":-330},"id":"YAHkjrUjfgPQ","outputId":"60c712f5-8c92-4d3a-fc74-a04f4f8682ea"},"outputs":[{"name":"stdout","output_type":"stream","text":["-0.9409762863006191\n","0.5731653383077833\n","-0.5819249832917103\n","-0.5766249135381487\n","-1.0409670336872556\n","0.623576296300973\n","-0.30745882071686\n","-0.9203764292034297\n","0.42572129256381586\n","-1.0966952749340586\n","-0.01521526215822475\n","-0.4512939173981378\n","0.3111416875723937\n","-1.100946891496513\n","1.3742840093274449\n","0.8187046841214114\n","-0.5741933743903356\n"]}],"source":["for i in df3.Col3:\n","  print(i)"]},{"cell_type":"markdown","metadata":{"id":"BLDElyz6jSWQ"},"source":["* iteritems -> Iterate each column for Key, Value Pair"]},{"cell_type":"code","execution_count":10,"metadata":{"colab":{"base_uri":"https://localhost:8080/"},"executionInfo":{"elapsed":413,"status":"ok","timestamp":1628254931719,"user":{"displayName":"Sahil Rahman","photoUrl":"https://lh3.googleusercontent.com/a-/AOh14GiJ8lzvw0EAvZyy3OveF6J53a3ecWuQmgHRsF6n6D4=s64","userId":"17212050139887820689"},"user_tz":-330},"id":"-4i2NQLGfgSG","outputId":"7c9ae952-537b-440b-9969-85ca470253d7"},"outputs":[{"name":"stdout","output_type":"stream","text":["Col1 0    -0.282455\n","1    -1.335738\n","2     0.644326\n","3    -0.813927\n","4     1.206105\n","5     0.841636\n","6    -0.134767\n","7    -0.047945\n","8    -2.203601\n","9     0.656195\n","10   -0.220045\n","11    0.410903\n","12    0.793187\n","13   -0.658115\n","14    1.386487\n","15   -1.192486\n","16    0.767653\n","Name: Col1, dtype: float64\n","Col2 0     0.933882\n","1     0.144776\n","2     0.078392\n","3     1.531292\n","4    -0.190608\n","5    -0.654613\n","6    -0.406992\n","7     1.199079\n","8     0.725854\n","9     1.350195\n","10   -0.101796\n","11    0.943433\n","12    0.420557\n","13   -0.952783\n","14   -0.589618\n","15    0.141447\n","16    2.143932\n","Name: Col2, dtype: float64\n","Col3 0    -0.940976\n","1     0.573165\n","2    -0.581925\n","3    -0.576625\n","4    -1.040967\n","5     0.623576\n","6    -0.307459\n","7    -0.920376\n","8     0.425721\n","9    -1.096695\n","10   -0.015215\n","11   -0.451294\n","12    0.311142\n","13   -1.100947\n","14    1.374284\n","15    0.818705\n","16   -0.574193\n","Name: Col3, dtype: float64\n"]}],"source":["# For interating over columns\n","for key, value in df3.items():\n","    print(key, value)\n"]},{"cell_type":"markdown","metadata":{"id":"_a6h1olCkEem"},"source":["* iterrows()"]},{"cell_type":"code","execution_count":11,"metadata":{"colab":{"base_uri":"https://localhost:8080/"},"executionInfo":{"elapsed":391,"status":"ok","timestamp":1628255110192,"user":{"displayName":"Sahil Rahman","photoUrl":"https://lh3.googleusercontent.com/a-/AOh14GiJ8lzvw0EAvZyy3OveF6J53a3ecWuQmgHRsF6n6D4=s64","userId":"17212050139887820689"},"user_tz":-330},"id":"yALyzx6_fgVD","outputId":"67e667b8-4caf-4a7e-c8c0-218583eb9f3c"},"outputs":[{"name":"stdout","output_type":"stream","text":["0 Col1   -0.282455\n","Col2    0.933882\n","Col3   -0.940976\n","Name: 0, dtype: float64\n","1 Col1   -1.335738\n","Col2    0.144776\n","Col3    0.573165\n","Name: 1, dtype: float64\n","2 Col1    0.644326\n","Col2    0.078392\n","Col3   -0.581925\n","Name: 2, dtype: float64\n","3 Col1   -0.813927\n","Col2    1.531292\n","Col3   -0.576625\n","Name: 3, dtype: float64\n","4 Col1    1.206105\n","Col2   -0.190608\n","Col3   -1.040967\n","Name: 4, dtype: float64\n","5 Col1    0.841636\n","Col2   -0.654613\n","Col3    0.623576\n","Name: 5, dtype: float64\n","6 Col1   -0.134767\n","Col2   -0.406992\n","Col3   -0.307459\n","Name: 6, dtype: float64\n","7 Col1   -0.047945\n","Col2    1.199079\n","Col3   -0.920376\n","Name: 7, dtype: float64\n","8 Col1   -2.203601\n","Col2    0.725854\n","Col3    0.425721\n","Name: 8, dtype: float64\n","9 Col1    0.656195\n","Col2    1.350195\n","Col3   -1.096695\n","Name: 9, dtype: float64\n","10 Col1   -0.220045\n","Col2   -0.101796\n","Col3   -0.015215\n","Name: 10, dtype: float64\n","11 Col1    0.410903\n","Col2    0.943433\n","Col3   -0.451294\n","Name: 11, dtype: float64\n","12 Col1    0.793187\n","Col2    0.420557\n","Col3    0.311142\n","Name: 12, dtype: float64\n","13 Col1   -0.658115\n","Col2   -0.952783\n","Col3   -1.100947\n","Name: 13, dtype: float64\n","14 Col1    1.386487\n","Col2   -0.589618\n","Col3    1.374284\n","Name: 14, dtype: float64\n","15 Col1   -1.192486\n","Col2    0.141447\n","Col3    0.818705\n","Name: 15, dtype: float64\n","16 Col1    0.767653\n","Col2    2.143932\n","Col3   -0.574193\n","Name: 16, dtype: float64\n"]}],"source":["# For interating over rows\n","for index,row in df3.iterrows():\n","  print(index, row)"]},{"cell_type":"markdown","metadata":{"id":"zEzg3o6qlSmU"},"source":["* Sort - sort_index()\n","* Here indices will be arranged in accesending order"]},{"cell_type":"code","execution_count":12,"metadata":{"id":"nEzoBo40fgXu"},"outputs":[],"source":["unsorted_df = pd.DataFrame(np.random.randn(10,3), \n","                           index = [5,7,3,9,2,1,9,11,21,4],\n","                           columns = ['Col1', 'Col2', 'Col3'])"]},{"cell_type":"code","execution_count":13,"metadata":{"colab":{"base_uri":"https://localhost:8080/","height":361},"executionInfo":{"elapsed":394,"status":"ok","timestamp":1628255468619,"user":{"displayName":"Sahil Rahman","photoUrl":"https://lh3.googleusercontent.com/a-/AOh14GiJ8lzvw0EAvZyy3OveF6J53a3ecWuQmgHRsF6n6D4=s64","userId":"17212050139887820689"},"user_tz":-330},"id":"M-Imi5zBfgaN","outputId":"664976a9-7038-471c-d5c0-d6d4d3923fb1"},"outputs":[{"data":{"text/html":["<div>\n","<style scoped>\n","    .dataframe tbody tr th:only-of-type {\n","        vertical-align: middle;\n","    }\n","\n","    .dataframe tbody tr th {\n","        vertical-align: top;\n","    }\n","\n","    .dataframe thead th {\n","        text-align: right;\n","    }\n","</style>\n","<table border=\"1\" class=\"dataframe\">\n","  <thead>\n","    <tr style=\"text-align: right;\">\n","      <th></th>\n","      <th>Col1</th>\n","      <th>Col2</th>\n","      <th>Col3</th>\n","    </tr>\n","  </thead>\n","  <tbody>\n","    <tr>\n","      <th>5</th>\n","      <td>-1.081973</td>\n","      <td>-1.014050</td>\n","      <td>0.347884</td>\n","    </tr>\n","    <tr>\n","      <th>7</th>\n","      <td>-0.575653</td>\n","      <td>1.351084</td>\n","      <td>-1.179921</td>\n","    </tr>\n","    <tr>\n","      <th>3</th>\n","      <td>-1.608354</td>\n","      <td>0.403431</td>\n","      <td>-1.351842</td>\n","    </tr>\n","    <tr>\n","      <th>9</th>\n","      <td>-0.475155</td>\n","      <td>-0.545053</td>\n","      <td>-0.200241</td>\n","    </tr>\n","    <tr>\n","      <th>2</th>\n","      <td>1.350505</td>\n","      <td>0.917365</td>\n","      <td>-0.930483</td>\n","    </tr>\n","    <tr>\n","      <th>1</th>\n","      <td>-0.186917</td>\n","      <td>0.780693</td>\n","      <td>0.526021</td>\n","    </tr>\n","    <tr>\n","      <th>9</th>\n","      <td>1.450916</td>\n","      <td>0.876312</td>\n","      <td>-0.708794</td>\n","    </tr>\n","    <tr>\n","      <th>11</th>\n","      <td>0.038535</td>\n","      <td>0.708774</td>\n","      <td>0.489814</td>\n","    </tr>\n","    <tr>\n","      <th>21</th>\n","      <td>-1.948005</td>\n","      <td>-1.057107</td>\n","      <td>-0.171984</td>\n","    </tr>\n","    <tr>\n","      <th>4</th>\n","      <td>-0.150979</td>\n","      <td>-0.328353</td>\n","      <td>-1.182602</td>\n","    </tr>\n","  </tbody>\n","</table>\n","</div>"],"text/plain":["        Col1      Col2      Col3\n","5  -1.081973 -1.014050  0.347884\n","7  -0.575653  1.351084 -1.179921\n","3  -1.608354  0.403431 -1.351842\n","9  -0.475155 -0.545053 -0.200241\n","2   1.350505  0.917365 -0.930483\n","1  -0.186917  0.780693  0.526021\n","9   1.450916  0.876312 -0.708794\n","11  0.038535  0.708774  0.489814\n","21 -1.948005 -1.057107 -0.171984\n","4  -0.150979 -0.328353 -1.182602"]},"execution_count":13,"metadata":{},"output_type":"execute_result"}],"source":["unsorted_df"]},{"cell_type":"code","execution_count":14,"metadata":{"colab":{"base_uri":"https://localhost:8080/","height":361},"executionInfo":{"elapsed":407,"status":"ok","timestamp":1628255750620,"user":{"displayName":"Sahil Rahman","photoUrl":"https://lh3.googleusercontent.com/a-/AOh14GiJ8lzvw0EAvZyy3OveF6J53a3ecWuQmgHRsF6n6D4=s64","userId":"17212050139887820689"},"user_tz":-330},"id":"Y7f2osn8fgci","outputId":"536d18f6-89a5-4d2b-8045-c3fa17c6e63a"},"outputs":[{"data":{"text/html":["<div>\n","<style scoped>\n","    .dataframe tbody tr th:only-of-type {\n","        vertical-align: middle;\n","    }\n","\n","    .dataframe tbody tr th {\n","        vertical-align: top;\n","    }\n","\n","    .dataframe thead th {\n","        text-align: right;\n","    }\n","</style>\n","<table border=\"1\" class=\"dataframe\">\n","  <thead>\n","    <tr style=\"text-align: right;\">\n","      <th></th>\n","      <th>Col1</th>\n","      <th>Col2</th>\n","      <th>Col3</th>\n","    </tr>\n","  </thead>\n","  <tbody>\n","    <tr>\n","      <th>1</th>\n","      <td>-0.186917</td>\n","      <td>0.780693</td>\n","      <td>0.526021</td>\n","    </tr>\n","    <tr>\n","      <th>2</th>\n","      <td>1.350505</td>\n","      <td>0.917365</td>\n","      <td>-0.930483</td>\n","    </tr>\n","    <tr>\n","      <th>3</th>\n","      <td>-1.608354</td>\n","      <td>0.403431</td>\n","      <td>-1.351842</td>\n","    </tr>\n","    <tr>\n","      <th>4</th>\n","      <td>-0.150979</td>\n","      <td>-0.328353</td>\n","      <td>-1.182602</td>\n","    </tr>\n","    <tr>\n","      <th>5</th>\n","      <td>-1.081973</td>\n","      <td>-1.014050</td>\n","      <td>0.347884</td>\n","    </tr>\n","    <tr>\n","      <th>7</th>\n","      <td>-0.575653</td>\n","      <td>1.351084</td>\n","      <td>-1.179921</td>\n","    </tr>\n","    <tr>\n","      <th>9</th>\n","      <td>-0.475155</td>\n","      <td>-0.545053</td>\n","      <td>-0.200241</td>\n","    </tr>\n","    <tr>\n","      <th>9</th>\n","      <td>1.450916</td>\n","      <td>0.876312</td>\n","      <td>-0.708794</td>\n","    </tr>\n","    <tr>\n","      <th>11</th>\n","      <td>0.038535</td>\n","      <td>0.708774</td>\n","      <td>0.489814</td>\n","    </tr>\n","    <tr>\n","      <th>21</th>\n","      <td>-1.948005</td>\n","      <td>-1.057107</td>\n","      <td>-0.171984</td>\n","    </tr>\n","  </tbody>\n","</table>\n","</div>"],"text/plain":["        Col1      Col2      Col3\n","1  -0.186917  0.780693  0.526021\n","2   1.350505  0.917365 -0.930483\n","3  -1.608354  0.403431 -1.351842\n","4  -0.150979 -0.328353 -1.182602\n","5  -1.081973 -1.014050  0.347884\n","7  -0.575653  1.351084 -1.179921\n","9  -0.475155 -0.545053 -0.200241\n","9   1.450916  0.876312 -0.708794\n","11  0.038535  0.708774  0.489814\n","21 -1.948005 -1.057107 -0.171984"]},"execution_count":14,"metadata":{},"output_type":"execute_result"}],"source":["unsorted_df.sort_index()"]},{"cell_type":"code","execution_count":15,"metadata":{"colab":{"base_uri":"https://localhost:8080/","height":361},"executionInfo":{"elapsed":412,"status":"ok","timestamp":1628255827925,"user":{"displayName":"Sahil Rahman","photoUrl":"https://lh3.googleusercontent.com/a-/AOh14GiJ8lzvw0EAvZyy3OveF6J53a3ecWuQmgHRsF6n6D4=s64","userId":"17212050139887820689"},"user_tz":-330},"id":"tU-gS0T3nBRT","outputId":"c877d376-1f32-4890-ad89-35a872cecc7b"},"outputs":[{"data":{"text/html":["<div>\n","<style scoped>\n","    .dataframe tbody tr th:only-of-type {\n","        vertical-align: middle;\n","    }\n","\n","    .dataframe tbody tr th {\n","        vertical-align: top;\n","    }\n","\n","    .dataframe thead th {\n","        text-align: right;\n","    }\n","</style>\n","<table border=\"1\" class=\"dataframe\">\n","  <thead>\n","    <tr style=\"text-align: right;\">\n","      <th></th>\n","      <th>Col1</th>\n","      <th>Col2</th>\n","      <th>Col3</th>\n","    </tr>\n","  </thead>\n","  <tbody>\n","    <tr>\n","      <th>21</th>\n","      <td>-1.948005</td>\n","      <td>-1.057107</td>\n","      <td>-0.171984</td>\n","    </tr>\n","    <tr>\n","      <th>11</th>\n","      <td>0.038535</td>\n","      <td>0.708774</td>\n","      <td>0.489814</td>\n","    </tr>\n","    <tr>\n","      <th>9</th>\n","      <td>-0.475155</td>\n","      <td>-0.545053</td>\n","      <td>-0.200241</td>\n","    </tr>\n","    <tr>\n","      <th>9</th>\n","      <td>1.450916</td>\n","      <td>0.876312</td>\n","      <td>-0.708794</td>\n","    </tr>\n","    <tr>\n","      <th>7</th>\n","      <td>-0.575653</td>\n","      <td>1.351084</td>\n","      <td>-1.179921</td>\n","    </tr>\n","    <tr>\n","      <th>5</th>\n","      <td>-1.081973</td>\n","      <td>-1.014050</td>\n","      <td>0.347884</td>\n","    </tr>\n","    <tr>\n","      <th>4</th>\n","      <td>-0.150979</td>\n","      <td>-0.328353</td>\n","      <td>-1.182602</td>\n","    </tr>\n","    <tr>\n","      <th>3</th>\n","      <td>-1.608354</td>\n","      <td>0.403431</td>\n","      <td>-1.351842</td>\n","    </tr>\n","    <tr>\n","      <th>2</th>\n","      <td>1.350505</td>\n","      <td>0.917365</td>\n","      <td>-0.930483</td>\n","    </tr>\n","    <tr>\n","      <th>1</th>\n","      <td>-0.186917</td>\n","      <td>0.780693</td>\n","      <td>0.526021</td>\n","    </tr>\n","  </tbody>\n","</table>\n","</div>"],"text/plain":["        Col1      Col2      Col3\n","21 -1.948005 -1.057107 -0.171984\n","11  0.038535  0.708774  0.489814\n","9  -0.475155 -0.545053 -0.200241\n","9   1.450916  0.876312 -0.708794\n","7  -0.575653  1.351084 -1.179921\n","5  -1.081973 -1.014050  0.347884\n","4  -0.150979 -0.328353 -1.182602\n","3  -1.608354  0.403431 -1.351842\n","2   1.350505  0.917365 -0.930483\n","1  -0.186917  0.780693  0.526021"]},"execution_count":15,"metadata":{},"output_type":"execute_result"}],"source":["unsorted_df.sort_index(ascending=False)"]},{"cell_type":"code","execution_count":16,"metadata":{"colab":{"base_uri":"https://localhost:8080/","height":361},"executionInfo":{"elapsed":396,"status":"ok","timestamp":1628255909562,"user":{"displayName":"Sahil Rahman","photoUrl":"https://lh3.googleusercontent.com/a-/AOh14GiJ8lzvw0EAvZyy3OveF6J53a3ecWuQmgHRsF6n6D4=s64","userId":"17212050139887820689"},"user_tz":-330},"id":"Gg0XU6fenQYk","outputId":"2c1dcd70-be44-478e-a39b-4558cdce26eb"},"outputs":[{"data":{"text/html":["<div>\n","<style scoped>\n","    .dataframe tbody tr th:only-of-type {\n","        vertical-align: middle;\n","    }\n","\n","    .dataframe tbody tr th {\n","        vertical-align: top;\n","    }\n","\n","    .dataframe thead th {\n","        text-align: right;\n","    }\n","</style>\n","<table border=\"1\" class=\"dataframe\">\n","  <thead>\n","    <tr style=\"text-align: right;\">\n","      <th></th>\n","      <th>Col1</th>\n","      <th>Col2</th>\n","      <th>Col3</th>\n","    </tr>\n","  </thead>\n","  <tbody>\n","    <tr>\n","      <th>5</th>\n","      <td>-1.081973</td>\n","      <td>-1.014050</td>\n","      <td>0.347884</td>\n","    </tr>\n","    <tr>\n","      <th>7</th>\n","      <td>-0.575653</td>\n","      <td>1.351084</td>\n","      <td>-1.179921</td>\n","    </tr>\n","    <tr>\n","      <th>3</th>\n","      <td>-1.608354</td>\n","      <td>0.403431</td>\n","      <td>-1.351842</td>\n","    </tr>\n","    <tr>\n","      <th>9</th>\n","      <td>-0.475155</td>\n","      <td>-0.545053</td>\n","      <td>-0.200241</td>\n","    </tr>\n","    <tr>\n","      <th>2</th>\n","      <td>1.350505</td>\n","      <td>0.917365</td>\n","      <td>-0.930483</td>\n","    </tr>\n","    <tr>\n","      <th>1</th>\n","      <td>-0.186917</td>\n","      <td>0.780693</td>\n","      <td>0.526021</td>\n","    </tr>\n","    <tr>\n","      <th>9</th>\n","      <td>1.450916</td>\n","      <td>0.876312</td>\n","      <td>-0.708794</td>\n","    </tr>\n","    <tr>\n","      <th>11</th>\n","      <td>0.038535</td>\n","      <td>0.708774</td>\n","      <td>0.489814</td>\n","    </tr>\n","    <tr>\n","      <th>21</th>\n","      <td>-1.948005</td>\n","      <td>-1.057107</td>\n","      <td>-0.171984</td>\n","    </tr>\n","    <tr>\n","      <th>4</th>\n","      <td>-0.150979</td>\n","      <td>-0.328353</td>\n","      <td>-1.182602</td>\n","    </tr>\n","  </tbody>\n","</table>\n","</div>"],"text/plain":["        Col1      Col2      Col3\n","5  -1.081973 -1.014050  0.347884\n","7  -0.575653  1.351084 -1.179921\n","3  -1.608354  0.403431 -1.351842\n","9  -0.475155 -0.545053 -0.200241\n","2   1.350505  0.917365 -0.930483\n","1  -0.186917  0.780693  0.526021\n","9   1.450916  0.876312 -0.708794\n","11  0.038535  0.708774  0.489814\n","21 -1.948005 -1.057107 -0.171984\n","4  -0.150979 -0.328353 -1.182602"]},"execution_count":16,"metadata":{},"output_type":"execute_result"}],"source":["unsorted_df.sort_index(axis=1) # To sort columns we will use axis = 1 and to sort rows we will use axis = 1"]},{"cell_type":"code","execution_count":17,"metadata":{"colab":{"base_uri":"https://localhost:8080/","height":361},"executionInfo":{"elapsed":413,"status":"ok","timestamp":1628255994707,"user":{"displayName":"Sahil Rahman","photoUrl":"https://lh3.googleusercontent.com/a-/AOh14GiJ8lzvw0EAvZyy3OveF6J53a3ecWuQmgHRsF6n6D4=s64","userId":"17212050139887820689"},"user_tz":-330},"id":"4y1rgNKHnls_","outputId":"63be960d-cf2a-4f42-d7f0-3f7012547f40"},"outputs":[{"data":{"text/html":["<div>\n","<style scoped>\n","    .dataframe tbody tr th:only-of-type {\n","        vertical-align: middle;\n","    }\n","\n","    .dataframe tbody tr th {\n","        vertical-align: top;\n","    }\n","\n","    .dataframe thead th {\n","        text-align: right;\n","    }\n","</style>\n","<table border=\"1\" class=\"dataframe\">\n","  <thead>\n","    <tr style=\"text-align: right;\">\n","      <th></th>\n","      <th>Col3</th>\n","      <th>Col2</th>\n","      <th>Col1</th>\n","    </tr>\n","  </thead>\n","  <tbody>\n","    <tr>\n","      <th>5</th>\n","      <td>0.347884</td>\n","      <td>-1.014050</td>\n","      <td>-1.081973</td>\n","    </tr>\n","    <tr>\n","      <th>7</th>\n","      <td>-1.179921</td>\n","      <td>1.351084</td>\n","      <td>-0.575653</td>\n","    </tr>\n","    <tr>\n","      <th>3</th>\n","      <td>-1.351842</td>\n","      <td>0.403431</td>\n","      <td>-1.608354</td>\n","    </tr>\n","    <tr>\n","      <th>9</th>\n","      <td>-0.200241</td>\n","      <td>-0.545053</td>\n","      <td>-0.475155</td>\n","    </tr>\n","    <tr>\n","      <th>2</th>\n","      <td>-0.930483</td>\n","      <td>0.917365</td>\n","      <td>1.350505</td>\n","    </tr>\n","    <tr>\n","      <th>1</th>\n","      <td>0.526021</td>\n","      <td>0.780693</td>\n","      <td>-0.186917</td>\n","    </tr>\n","    <tr>\n","      <th>9</th>\n","      <td>-0.708794</td>\n","      <td>0.876312</td>\n","      <td>1.450916</td>\n","    </tr>\n","    <tr>\n","      <th>11</th>\n","      <td>0.489814</td>\n","      <td>0.708774</td>\n","      <td>0.038535</td>\n","    </tr>\n","    <tr>\n","      <th>21</th>\n","      <td>-0.171984</td>\n","      <td>-1.057107</td>\n","      <td>-1.948005</td>\n","    </tr>\n","    <tr>\n","      <th>4</th>\n","      <td>-1.182602</td>\n","      <td>-0.328353</td>\n","      <td>-0.150979</td>\n","    </tr>\n","  </tbody>\n","</table>\n","</div>"],"text/plain":["        Col3      Col2      Col1\n","5   0.347884 -1.014050 -1.081973\n","7  -1.179921  1.351084 -0.575653\n","3  -1.351842  0.403431 -1.608354\n","9  -0.200241 -0.545053 -0.475155\n","2  -0.930483  0.917365  1.350505\n","1   0.526021  0.780693 -0.186917\n","9  -0.708794  0.876312  1.450916\n","11  0.489814  0.708774  0.038535\n","21 -0.171984 -1.057107 -1.948005\n","4  -1.182602 -0.328353 -0.150979"]},"execution_count":17,"metadata":{},"output_type":"execute_result"}],"source":["unsorted_df.sort_index(axis=1, ascending=False)"]},{"cell_type":"code","execution_count":18,"metadata":{"id":"oO4gxamAfgfH"},"outputs":[],"source":["[6,5,8,2,5,9,2,1].sort() #-> Timsort"]},{"cell_type":"markdown","metadata":{"id":"GQw6DtbAoDMQ"},"source":["* sort_values()"]},{"cell_type":"code","execution_count":19,"metadata":{"id":"afGvuq_Yfgh5"},"outputs":[],"source":["df = pd.DataFrame({\"Apples\":[50,95, 105,75],\"Grapes\":[110,45,99,0]})"]},{"cell_type":"code","execution_count":20,"metadata":{"colab":{"base_uri":"https://localhost:8080/","height":173},"executionInfo":{"elapsed":415,"status":"ok","timestamp":1628256450528,"user":{"displayName":"Sahil Rahman","photoUrl":"https://lh3.googleusercontent.com/a-/AOh14GiJ8lzvw0EAvZyy3OveF6J53a3ecWuQmgHRsF6n6D4=s64","userId":"17212050139887820689"},"user_tz":-330},"id":"IEstmID1fgkp","outputId":"c69c2d93-a275-4d1e-e25a-b9635003814a"},"outputs":[{"data":{"text/html":["<div>\n","<style scoped>\n","    .dataframe tbody tr th:only-of-type {\n","        vertical-align: middle;\n","    }\n","\n","    .dataframe tbody tr th {\n","        vertical-align: top;\n","    }\n","\n","    .dataframe thead th {\n","        text-align: right;\n","    }\n","</style>\n","<table border=\"1\" class=\"dataframe\">\n","  <thead>\n","    <tr style=\"text-align: right;\">\n","      <th></th>\n","      <th>Apples</th>\n","      <th>Grapes</th>\n","    </tr>\n","  </thead>\n","  <tbody>\n","    <tr>\n","      <th>0</th>\n","      <td>50</td>\n","      <td>110</td>\n","    </tr>\n","    <tr>\n","      <th>1</th>\n","      <td>95</td>\n","      <td>45</td>\n","    </tr>\n","    <tr>\n","      <th>2</th>\n","      <td>105</td>\n","      <td>99</td>\n","    </tr>\n","    <tr>\n","      <th>3</th>\n","      <td>75</td>\n","      <td>0</td>\n","    </tr>\n","  </tbody>\n","</table>\n","</div>"],"text/plain":["   Apples  Grapes\n","0      50     110\n","1      95      45\n","2     105      99\n","3      75       0"]},"execution_count":20,"metadata":{},"output_type":"execute_result"}],"source":["df"]},{"cell_type":"code","execution_count":21,"metadata":{"colab":{"base_uri":"https://localhost:8080/","height":173},"executionInfo":{"elapsed":8,"status":"ok","timestamp":1628261218829,"user":{"displayName":"Sahil Rahman","photoUrl":"https://lh3.googleusercontent.com/a-/AOh14GiJ8lzvw0EAvZyy3OveF6J53a3ecWuQmgHRsF6n6D4=s64","userId":"17212050139887820689"},"user_tz":-330},"id":"t415bF8cfgnU","outputId":"367b10ec-ee1f-4797-ad76-4e4cba39561c"},"outputs":[{"data":{"text/html":["<div>\n","<style scoped>\n","    .dataframe tbody tr th:only-of-type {\n","        vertical-align: middle;\n","    }\n","\n","    .dataframe tbody tr th {\n","        vertical-align: top;\n","    }\n","\n","    .dataframe thead th {\n","        text-align: right;\n","    }\n","</style>\n","<table border=\"1\" class=\"dataframe\">\n","  <thead>\n","    <tr style=\"text-align: right;\">\n","      <th></th>\n","      <th>Apples</th>\n","      <th>Grapes</th>\n","    </tr>\n","  </thead>\n","  <tbody>\n","    <tr>\n","      <th>0</th>\n","      <td>50</td>\n","      <td>110</td>\n","    </tr>\n","    <tr>\n","      <th>3</th>\n","      <td>75</td>\n","      <td>0</td>\n","    </tr>\n","    <tr>\n","      <th>1</th>\n","      <td>95</td>\n","      <td>45</td>\n","    </tr>\n","    <tr>\n","      <th>2</th>\n","      <td>105</td>\n","      <td>99</td>\n","    </tr>\n","  </tbody>\n","</table>\n","</div>"],"text/plain":["   Apples  Grapes\n","0      50     110\n","3      75       0\n","1      95      45\n","2     105      99"]},"execution_count":21,"metadata":{},"output_type":"execute_result"}],"source":["df.sort_values(by=['Apples', 'Grapes'])"]},{"cell_type":"markdown","metadata":{},"source":["# Quicksort\n","* Description: Quicksort is a divide-and-conquer algorithm. It works by selecting a 'pivot' element from the array and partitioning the other elements into two sub-arrays, according to whether they are less than or greater than the pivot.\n","* Time Complexity:\n","* Average: O(n log n)\n","* Worst: O(n^2) (though this is rare with good pivot selection)\n","* Space Complexity: O(log n) due to recursion stack\n","* Stability: Not stable (relative order of equal sort items might change)\n","* Usage: Good general-purpose sort that is fast on average.\n","# Mergesort\n","* Description: Mergesort is also a divide-and-conquer algorithm. It divides the array into two halves, recursively sorts them, and then merges the sorted halves.\n","* Time Complexity:\n","* Average and Worst: O(n log n)\n","* Space Complexity: O(n) due to auxiliary arrays used in merging\n","* Stability: Stable (relative order of equal sort items is preserved)\n","* Usage: Preferred when stability is required.\n","# Heapsort\n","* Description: Heapsort transforms the array into a heap, then repeatedly extracts the maximum element from the heap and rebuilds the heap until all elements are sorted.\n","* Time Complexity:\n","* Average and Worst: O(n log n)\n","* Space Complexity: O(1) (in-place sorting)\n","* Stability: Not stable\n","* Usage: Useful when constant space usage is needed."]},{"cell_type":"code","execution_count":24,"metadata":{"colab":{"base_uri":"https://localhost:8080/","height":173},"executionInfo":{"elapsed":394,"status":"ok","timestamp":1628256605905,"user":{"displayName":"Sahil Rahman","photoUrl":"https://lh3.googleusercontent.com/a-/AOh14GiJ8lzvw0EAvZyy3OveF6J53a3ecWuQmgHRsF6n6D4=s64","userId":"17212050139887820689"},"user_tz":-330},"id":"2z_U8Sa3fgtP","outputId":"b857af22-e74b-4421-cb9e-e1c6e1e5c8f7"},"outputs":[{"data":{"text/html":["<div>\n","<style scoped>\n","    .dataframe tbody tr th:only-of-type {\n","        vertical-align: middle;\n","    }\n","\n","    .dataframe tbody tr th {\n","        vertical-align: top;\n","    }\n","\n","    .dataframe thead th {\n","        text-align: right;\n","    }\n","</style>\n","<table border=\"1\" class=\"dataframe\">\n","  <thead>\n","    <tr style=\"text-align: right;\">\n","      <th></th>\n","      <th>Apples</th>\n","      <th>Grapes</th>\n","    </tr>\n","  </thead>\n","  <tbody>\n","    <tr>\n","      <th>0</th>\n","      <td>50</td>\n","      <td>110</td>\n","    </tr>\n","    <tr>\n","      <th>3</th>\n","      <td>75</td>\n","      <td>0</td>\n","    </tr>\n","    <tr>\n","      <th>1</th>\n","      <td>95</td>\n","      <td>45</td>\n","    </tr>\n","    <tr>\n","      <th>2</th>\n","      <td>105</td>\n","      <td>99</td>\n","    </tr>\n","  </tbody>\n","</table>\n","</div>"],"text/plain":["   Apples  Grapes\n","0      50     110\n","3      75       0\n","1      95      45\n","2     105      99"]},"execution_count":24,"metadata":{},"output_type":"execute_result"}],"source":["df.sort_values(by=['Apples', 'Grapes'],kind='mergesort')\n","# 1. Quicksort\n","# 2. Mergesort\n","# 3. Heapsort"]},{"cell_type":"markdown","metadata":{"id":"LMJqBfBmqmUS"},"source":["* Stats - Advanced"]},{"cell_type":"code","execution_count":25,"metadata":{"colab":{"base_uri":"https://localhost:8080/","height":578},"executionInfo":{"elapsed":425,"status":"ok","timestamp":1628256785836,"user":{"displayName":"Sahil Rahman","photoUrl":"https://lh3.googleusercontent.com/a-/AOh14GiJ8lzvw0EAvZyy3OveF6J53a3ecWuQmgHRsF6n6D4=s64","userId":"17212050139887820689"},"user_tz":-330},"id":"WVUksTkRfgwZ","outputId":"cc2c9c89-b5c6-4f67-eb41-2316fb328b58"},"outputs":[{"data":{"text/html":["<div>\n","<style scoped>\n","    .dataframe tbody tr th:only-of-type {\n","        vertical-align: middle;\n","    }\n","\n","    .dataframe tbody tr th {\n","        vertical-align: top;\n","    }\n","\n","    .dataframe thead th {\n","        text-align: right;\n","    }\n","</style>\n","<table border=\"1\" class=\"dataframe\">\n","  <thead>\n","    <tr style=\"text-align: right;\">\n","      <th></th>\n","      <th>Col1</th>\n","      <th>Col2</th>\n","      <th>Col3</th>\n","    </tr>\n","  </thead>\n","  <tbody>\n","    <tr>\n","      <th>0</th>\n","      <td>-0.282455</td>\n","      <td>0.933882</td>\n","      <td>-0.940976</td>\n","    </tr>\n","    <tr>\n","      <th>1</th>\n","      <td>-1.335738</td>\n","      <td>0.144776</td>\n","      <td>0.573165</td>\n","    </tr>\n","    <tr>\n","      <th>2</th>\n","      <td>0.644326</td>\n","      <td>0.078392</td>\n","      <td>-0.581925</td>\n","    </tr>\n","    <tr>\n","      <th>3</th>\n","      <td>-0.813927</td>\n","      <td>1.531292</td>\n","      <td>-0.576625</td>\n","    </tr>\n","    <tr>\n","      <th>4</th>\n","      <td>1.206105</td>\n","      <td>-0.190608</td>\n","      <td>-1.040967</td>\n","    </tr>\n","    <tr>\n","      <th>5</th>\n","      <td>0.841636</td>\n","      <td>-0.654613</td>\n","      <td>0.623576</td>\n","    </tr>\n","    <tr>\n","      <th>6</th>\n","      <td>-0.134767</td>\n","      <td>-0.406992</td>\n","      <td>-0.307459</td>\n","    </tr>\n","    <tr>\n","      <th>7</th>\n","      <td>-0.047945</td>\n","      <td>1.199079</td>\n","      <td>-0.920376</td>\n","    </tr>\n","    <tr>\n","      <th>8</th>\n","      <td>-2.203601</td>\n","      <td>0.725854</td>\n","      <td>0.425721</td>\n","    </tr>\n","    <tr>\n","      <th>9</th>\n","      <td>0.656195</td>\n","      <td>1.350195</td>\n","      <td>-1.096695</td>\n","    </tr>\n","    <tr>\n","      <th>10</th>\n","      <td>-0.220045</td>\n","      <td>-0.101796</td>\n","      <td>-0.015215</td>\n","    </tr>\n","    <tr>\n","      <th>11</th>\n","      <td>0.410903</td>\n","      <td>0.943433</td>\n","      <td>-0.451294</td>\n","    </tr>\n","    <tr>\n","      <th>12</th>\n","      <td>0.793187</td>\n","      <td>0.420557</td>\n","      <td>0.311142</td>\n","    </tr>\n","    <tr>\n","      <th>1